,City,Cloudiness,Country,Date,Humidity,Lat,Lng,Max Temp,Wind Speed
0,Busselton,88,AU,1554058552,36,-33.64,115.35,69.01,7.74
1,Chuy,0,UY,1554058607,93,-33.69,-53.46,77.2,8.19
2,Vaini,0,IN,1554058574,83,15.34,74.49,72.7,3.38
3,Makakilo City,1,US,1554058532,73,21.35,-158.09,75.0,3.36
4,Kizema,92,RU,1554058608,92,61.11,44.83,29.95,7.85
5,Hermanus,12,ZA,1554057954,96,-34.42,19.24,60.01,1.99
6,Awjilah,0,LY,1554058609,37,29.14,21.3,63.07,10.42
7,Qasigiannguit,75,GL,1554054600,61,68.82,-51.19,17.6,13.87
8,Lensk,0,RU,1554058609,67,60.71,114.91,13.66,3.71
9,Bluff,0,AU,1554058610,62,-23.58,149.07,54.61,9.42
10,Punta Arenas,75,CL,1554058347,58,-53.16,-70.91,57.2,20.8
11,Harnosand,0,SE,1554058518,55,62.63,17.94,39.2,9.17
12,Coahuayana,8,MX,1554058611,22,18.62,-100.35,82.6,2.93
13,rungata,0,N/A,,0,0.0,0.0,0.0,0.0
14,Ushuaia,75,AR,1554055200,71,-54.81,-68.31,53.6,16.11
15,Pochutla,40,MX,1554057968,62,15.74,-96.47,89.01,9.17
16,Tiksi,80,RU,1554058613,76,71.64,128.87,19.15,6.29
17,Arraial do Cabo,0,BR,1554055200,61,-22.97,-42.02,82.4,11.41
18,yomitan,0,N/A,,0,0.0,0.0,0.0,0.0
19,nizhneyansk,0,N/A,,0,0.0,0.0,0.0,0.0
20,Lata,0,IN,1554058615,56,30.78,78.62,45.07,2.59
21,Avarua,92,CK,1554057000,88,-21.21,-159.78,80.6,10.29
22,Kyzyl-Suu,12,KG,1554058616,100,42.34,78.0,36.7,7.63
23,Pevek,0,RU,1554058959,60,69.7,170.27,-6.95,5.61
24,vaitupu,0,N/A,,0,0.0,0.0,0.0,0.0
25,Upernavik,56,GL,1554058345,100,72.79,-56.15,10.33,7.18
26,Anadyr,75,RU,1554058347,94,64.73,177.51,33.8,20.13
27,Porbandar,0,IN,1554058618,77,21.64,69.61,74.77,10.65
28,Terney,88,RU,1554058618,100,45.05,136.61,28.69,2.04
29,Saint George,0,GR,1554054600,53,39.45,22.34,53.6,5.82
30,Guider,0,CM,1554058620,21,9.93,13.94,86.11,5.61
31,Baijiantan,20,CN,1554058620,79,45.63,85.18,49.66,3.15
32,Mana,0,RS,1554057000,43,43.52,20.24,51.8,2.24
33,Bluff,0,AU,1554058610,62,-23.58,149.07,54.61,9.42
34,Saint-Philippe,90,CA,1554058618,90,45.36,-73.48,37.0,12.75
35,Tomatlan,0,MX,1554058622,57,19.93,-105.25,81.34,3.38
36,Muroto,0,JP,1554058382,100,33.37,134.14,43.27,8.75
37,Hilo,75,US,1554058586,64,19.71,-155.08,77.0,3.36
38,Busselton,88,AU,1554058552,36,-33.64,115.35,69.01,7.74
39,Cape Town,75,ZA,1554058567,68,-33.93,18.42,64.4,12.75
40,Olinda,20,EC,1554058495,66,-2.03,-79.75,91.0,9.17
41,bengkulu,0,N/A,,0,0.0,0.0,0.0,0.0
42,Kyren,80,RU,1554058625,89,51.68,102.13,24.19,1.14
43,Khatanga,64,RU,1554058625,89,71.98,102.47,30.22,15.68
44,Bredasdorp,36,ZA,1554057923,52,-34.53,20.04,66.2,16.11
45,Arraial do Cabo,0,BR,1554055200,61,-22.97,-42.02,82.4,11.41
46,Grindavik,75,IS,1554057000,100,63.84,-22.43,35.6,18.34
47,Vostok,80,RU,1554058627,82,46.45,135.83,21.04,1.7
48,Albany,90,US,1554058560,100,42.65,-73.75,45.0,17.22
49,Nikolskoye,75,RU,1554058570,93,59.7,30.79,36.0,6.71
50,andenes,0,N/A,,0,0.0,0.0,0.0,0.0
51,Rikitea,56,PF,1554058629,100,-23.12,-134.97,76.66,19.48
52,Vila Franca do Campo,40,PT,1554058602,71,37.72,-25.43,57.2,13.87
53,Kyabe,0,TD,1554058629,46,9.45,18.94,87.64,2.71
54,Boa Vista,75,BR,1554058800,30,2.82,-60.67,96.8,11.41
55,Shelburne,90,CA,1554058440,86,44.08,-80.2,36.0,17.22
56,Udachnyy,48,RU,1554058631,72,66.42,112.4,25.72,6.06
57,saleaula,0,N/A,,0,0.0,0.0,0.0,0.0
58,Busselton,88,AU,1554058552,36,-33.64,115.35,69.01,7.74
59,Saint-Philippe,90,CA,1554058618,90,45.36,-73.48,37.0,12.75
60,sentyabrskiy,0,N/A,,0,0.0,0.0,0.0,0.0
61,Hobart,75,AU,1554058575,66,-42.88,147.33,48.2,4.61
62,Esperance,20,TT,1554057989,55,10.24,-61.45,89.6,16.11
63,Coquimbo,20,CL,1554055200,68,-29.95,-71.34,66.2,14.99
64,Sao Gabriel da Cachoeira,40,BR,1554055200,52,-0.13,-67.09,93.2,5.82
65,East London,20,ZA,1554055200,94,-33.02,27.91,68.0,2.24
66,Port Alfred,100,ZA,1554058975,89,-33.59,26.89,70.27,3.6
67,Albany,90,US,1554058560,100,42.65,-73.75,45.0,17.22
68,Tasiilaq,56,GL,1554054600,79,65.61,-37.64,24.8,34.45
69,Rikitea,56,PF,1554058629,100,-23.12,-134.97,76.66,19.48
70,Jamestown,0,AU,1554058637,84,-33.21,138.6,41.2,2.71
71,Punta Arenas,75,CL,1554058347,58,-53.16,-70.91,57.2,20.8
72,Hermanus,12,ZA,1554057954,96,-34.42,19.24,60.01,1.99
73,Punta Arenas,75,CL,1554058347,58,-53.16,-70.91,57.2,20.8
74,Kupang,0,ID,1554058639,100,-10.16,123.6,77.11,2.82
75,Vulcan,76,CA,1554058418,42,50.4,-113.26,46.99,11.01
76,Sao Filipe,0,CV,1554058399,91,14.9,-24.5,72.25,17.47
77,Port Lincoln,36,AU,1554058640,100,-34.72,135.86,56.95,2.93
78,Sidi Ali,88,DZ,1554058640,90,36.1,0.42,58.93,3.49
79,Rikitea,56,PF,1554058629,100,-23.12,-134.97,76.66,19.48
80,Busselton,88,AU,1554058552,36,-33.64,115.35,69.01,7.74
81,Takapau,92,NZ,1554058396,87,-40.02,176.35,61.0,5.99
82,Vorontsovka,0,RU,1554058642,83,50.61,40.34,46.51,8.3
83,Upernavik,56,GL,1554058345,100,72.79,-56.15,10.33,7.18
84,Marsh Harbour,8,BS,1554058643,100,26.54,-77.06,74.95,2.37
85,Punta Arenas,75,CL,1554058347,58,-53.16,-70.91,57.2,20.8
86,Port Alfred,100,ZA,1554058975,89,-33.59,26.89,70.27,3.6
87,Punta Arenas,75,CL,1554058347,58,-53.16,-70.91,57.2,20.8
88,Soconusco,5,MX,1554054660,74,17.96,-94.88,82.4,14.99
89,Ushuaia,75,AR,1554055200,71,-54.81,-68.31,53.6,16.11
90,Qaanaaq,24,GL,1554058645,80,77.48,-69.36,-2.09,5.84
91,Puerto Ayora,20,EC,1554057986,70,-0.74,-90.35,84.2,11.41
92,Miracema do Tocantins,24,BR,1554058646,93,-9.56,-48.4,83.5,4.61
93,sumbawa,0,N/A,,0,0.0,0.0,0.0,0.0
94,attawapiskat,0,N/A,,0,0.0,0.0,0.0,0.0
95,bengkulu,0,N/A,,0,0.0,0.0,0.0,0.0
96,Sao Filipe,0,CV,1554058399,91,14.9,-24.5,72.25,17.47
97,Punta Arenas,75,CL,1554058347,58,-53.16,-70.91,57.2,20.8
98,Port Alfred,100,ZA,1554058975,89,-33.59,26.89,70.27,3.6
99,Mataura,36,NZ,1554058205,79,-46.19,168.86,57.99,11.99
100,Dzilam Gonzalez,20,MX,1554058649,41,21.28,-88.93,92.5,4.38
101,Vaini,0,IN,1554058574,83,15.34,74.49,72.7,3.38
102,Te Anau,68,NZ,1554058650,86,-45.41,167.72,51.55,18.03
103,Carnarvon,8,ZA,1554058651,33,-30.97,22.13,71.26,15.01
104,Nicoya,20,CR,1554055200,34,10.15,-85.45,95.0,10.29
105,Haines Junction,0,CA,1554058652,63,60.75,-137.51,29.41,2.71
106,Saint-Philippe,90,CA,1554058618,90,45.36,-73.48,37.0,12.75
107,ngukurr,0,N/A,,0,0.0,0.0,0.0,0.0
108,Cape Town,75,ZA,1554058567,68,-33.93,18.42,64.4,12.75
109,Giyani,0,ZA,1554058398,86,-23.32,30.73,72.16,5.5
110,Ketchikan,20,US,1554054960,81,55.34,-131.65,44.6,11.41
111,Hermanus,12,ZA,1554057954,96,-34.42,19.24,60.01,1.99
112,Atar,0,MR,1554055200,33,20.52,-13.05,82.4,9.17
113,Geraldton,75,CA,1554055200,36,49.72,-86.95,28.4,9.17
114,Caxito,20,BR,1554055200,54,-22.65,-42.51,82.4,11.41
115,Avarua,92,CK,1554057000,88,-21.21,-159.78,80.6,10.29
116,Harbour Breton,12,CA,1554058074,100,47.48,-55.8,46.99,11.99
117,Carnarvon,8,ZA,1554058651,33,-30.97,22.13,71.26,15.01
118,Ngawi,92,ID,1554058657,98,-7.4,111.45,71.89,4.05
119,Cidreira,56,BR,1554058658,72,-30.17,-50.22,81.43,5.17
120,Sibenik,0,HR,1554058658,48,45.81,17.18,55.6,3.6
121,Hermanus,12,ZA,1554057954,96,-34.42,19.24,60.01,1.99
122,Yellowknife,75,CA,1554058639,59,62.45,-114.38,37.0,16.11
123,Tuktoyaktuk,90,CA,1554055200,92,69.44,-133.03,24.8,18.34
124,Hermanus,12,ZA,1554057954,96,-34.42,19.24,60.01,1.99
125,Mayo,75,CA,1554055200,51,63.59,-135.9,35.6,3.6
126,Merauke,76,ID,1554058660,100,-8.49,140.4,75.49,8.63
127,Maine-Soroa,0,NE,1554058661,15,13.21,12.02,91.69,9.75
128,Butaritari,76,KI,1554058999,100,3.07,172.79,81.79,15.23
129,Komsomolskiy,88,RU,1554058662,90,67.55,63.78,26.89,19.6
130,Sorong,32,ID,1554058663,100,-0.86,131.25,81.52,6.17
131,amderma,0,N/A,,0,0.0,0.0,0.0,0.0
132,Tuktoyaktuk,90,CA,1554055200,92,69.44,-133.03,24.8,18.34
133,Busselton,88,AU,1554058552,36,-33.64,115.35,69.01,7.74
134,Rikitea,56,PF,1554058629,100,-23.12,-134.97,76.66,19.48
135,illoqqortoormiut,0,N/A,,0,0.0,0.0,0.0,0.0
136,Rikitea,56,PF,1554058629,100,-23.12,-134.97,76.66,19.48
137,Saint George,0,GR,1554054600,53,39.45,22.34,53.6,5.82
138,Constitucion,20,MX,1554058216,24,23.99,-104.67,73.0,4.7
139,Torbay,75,CA,1554057927,50,47.66,-52.73,62.01,20.8
140,Tuktoyaktuk,90,CA,1554055200,92,69.44,-133.03,24.8,18.34
141,Arraial do Cabo,0,BR,1554055200,61,-22.97,-42.02,82.4,11.41
142,Busselton,88,AU,1554058552,36,-33.64,115.35,69.01,7.74
143,Puerto Ayora,20,EC,1554057986,70,-0.74,-90.35,84.2,11.41
144,Carnarvon,8,ZA,1554058651,33,-30.97,22.13,71.26,15.01
145,Baturaja,92,ID,1554058668,98,-4.12,104.17,71.98,4.83
146,Kaduna,0,NG,1554058372,24,10.52,7.44,87.1,5.95
147,tsihombe,0,N/A,,0,0.0,0.0,0.0,0.0
148,Mitsamiouli,20,KM,1554055200,88,-11.38,43.28,80.6,4.7
149,Romny,0,UA,1554058670,72,50.74,33.49,49.93,9.75
150,Adrar,40,DZ,1554055200,13,27.87,-0.29,80.6,24.16
151,Tuktoyaktuk,90,CA,1554055200,92,69.44,-133.03,24.8,18.34
152,West Bay,20,GB,1554058643,87,50.71,-2.76,53.01,8.05
153,Conde,12,BR,1554058672,98,-11.81,-37.61,80.8,6.51
154,Tromso,90,NO,1554058075,79,69.65,18.96,28.4,11.41
155,vaitupu,0,N/A,,0,0.0,0.0,0.0,0.0
156,Ushuaia,75,AR,1554055200,71,-54.81,-68.31,53.6,16.11
157,Deputatskiy,0,RU,1554058673,32,69.3,139.9,-9.83,2.71
158,Byumba,40,RW,1554058328,73,-1.58,30.06,71.6,5.82
159,Saskylakh,0,RU,1554058674,73,71.97,114.09,18.7,12.66
160,Zeya,8,RU,1554058675,68,53.74,127.27,8.62,1.92
161,Ancud,90,CL,1554055200,100,-41.87,-73.83,55.4,4.7
162,Ribeira Grande,75,PT,1554057000,62,38.52,-28.7,57.2,5.82
163,Rikitea,56,PF,1554058629,100,-23.12,-134.97,76.66,19.48
164,Hirara,88,JP,1554058676,100,24.8,125.28,69.01,20.04
165,Hasaki,20,JP,1554057000,65,35.73,140.83,41.0,5.82
166,Tasiilaq,56,GL,1554054600,79,65.61,-37.64,24.8,34.45
167,La Ronge,40,CA,1554055200,54,55.1,-105.3,30.2,11.41
168,taolanaro,0,N/A,,0,0.0,0.0,0.0,0.0
169,Longyearbyen,20,NO,1554054600,71,78.22,15.63,5.0,6.93
170,Punta Arenas,75,CL,1554058347,58,-53.16,-70.91,57.2,20.8
171,Usinsk,88,RU,1554058679,89,66.0,57.56,30.04,13.44
172,Kassala,0,SD,1554058680,20,15.45,36.38,77.56,7.63
173,Pionerskiy,24,RU,1554058680,71,61.2,62.86,30.49,8.86
174,Vardo,90,US,1554058445,45,39.62,-77.74,53.6,14.99
175,Auki,0,NG,1554058652,20,12.18,6.51,90.25,6.06
176,Porto Novo,40,BR,1554055200,54,-23.68,-45.44,80.6,8.05
177,bengkulu,0,N/A,,0,0.0,0.0,0.0,0.0
178,Ushuaia,75,AR,1554055200,71,-54.81,-68.31,53.6,16.11
179,Mataura,36,NZ,1554058205,79,-46.19,168.86,57.99,11.99
180,nizhneyansk,0,N/A,,0,0.0,0.0,0.0,0.0
181,Lambarene,48,GA,1554058684,77,-0.7,10.22,85.03,1.92
182,Kruisfontein,56,ZA,1554058684,86,-34.0,24.73,60.55,6.17
183,Barrow,12,AR,1554058685,38,-38.31,-60.23,83.5,7.74
184,Acapulco,5,MX,1554054420,62,16.86,-99.88,84.2,10.29
185,Noyabrsk,32,RU,1554058686,90,63.2,75.45,29.68,11.99
186,Lorengau,88,PG,1554058611,100,-2.02,147.27,82.33,10.09
187,Puerto Escondido,40,MX,1554054180,54,15.86,-97.07,84.2,11.41
188,falealupo,0,N/A,,0,0.0,0.0,0.0,0.0
189,Atuona,68,PF,1554058688,100,-9.8,-139.03,81.52,13.0
190,Mason City,1,US,1554058425,40,43.15,-93.2,37.99,8.05
191,dolbeau,0,N/A,,0,0.0,0.0,0.0,0.0
192,louisbourg,0,N/A,,0,0.0,0.0,0.0,0.0
193,Cape Town,75,ZA,1554058567,68,-33.93,18.42,64.4,12.75
194,Chokurdakh,44,RU,1554058690,66,70.62,147.9,10.69,2.93
195,maarianhamina,0,N/A,,0,0.0,0.0,0.0,0.0
196,Namibe,36,AO,1554058690,96,-15.19,12.15,79.63,8.08
197,Longview,75,US,1554058638,53,32.5,-94.74,55.0,5.82
198,amderma,0,N/A,,0,0.0,0.0,0.0,0.0
199,Cape Town,75,ZA,1554058567,68,-33.93,18.42,64.4,12.75
200,tumannyy,0,N/A,,0,0.0,0.0,0.0,0.0
201,Tasiilaq,56,GL,1554054600,79,65.61,-37.64,24.8,34.45
202,Maunabo,40,PR,1554058558,69,18.01,-65.9,84.99,9.17
203,Albany,90,US,1554058560,100,42.65,-73.75,45.0,17.22
204,Mataura,36,NZ,1554058205,79,-46.19,168.86,57.99,11.99
205,rawannawi,0,N/A,,0,0.0,0.0,0.0,0.0
206,Tuktoyaktuk,90,CA,1554055200,92,69.44,-133.03,24.8,18.34
207,Kruisfontein,56,ZA,1554058684,86,-34.0,24.73,60.55,6.17
208,Altay,0,CN,1554058695,72,47.83,88.13,19.42,2.48
209,vaitupu,0,N/A,,0,0.0,0.0,0.0,0.0
210,Puquio,44,PE,1554058696,97,-14.69,-74.12,54.07,0.69
211,Along,92,IN,1554058697,95,28.17,94.8,57.31,1.36
212,Charters Towers,64,AU,1554058697,94,-20.07,146.27,70.0,8.97
213,Puerto Ayora,20,EC,1554057986,70,-0.74,-90.35,84.2,11.41
214,Punta Arenas,75,CL,1554058347,58,-53.16,-70.91,57.2,20.8
215,saleaula,0,N/A,,0,0.0,0.0,0.0,0.0
216,Half Moon Bay,5,US,1554058386,67,37.46,-122.43,70.0,5.82
217,Rikitea,56,PF,1554058629,100,-23.12,-134.97,76.66,19.48
218,Ancud,90,CL,1554055200,100,-41.87,-73.83,55.4,4.7
219,grand river south east,0,N/A,,0,0.0,0.0,0.0,0.0
220,Srednekolymsk,0,RU,1554058700,62,67.46,153.71,-2.9,2.93
221,Nome,1,US,1554058650,50,30.04,-94.42,54.0,12.75
222,Ayan,12,TR,1554058701,77,40.67,33.6,29.59,2.04
223,Tuktoyaktuk,90,CA,1554055200,92,69.44,-133.03,24.8,18.34
224,Georgiyevka,0,RU,1554058702,79,52.25,40.45,47.68,12.55
225,Mataura,36,NZ,1554058205,79,-46.19,168.86,57.99,11.99
226,Klaksvik,92,FO,1554056400,87,62.23,-6.59,42.8,9.17
227,Paamiut,64,GL,1554058703,100,61.99,-49.67,26.35,9.75
228,Darnah,0,LY,1554058704,100,32.77,22.64,59.92,18.7
229,taolanaro,0,N/A,,0,0.0,0.0,0.0,0.0
230,Khatanga,64,RU,1554058625,89,71.98,102.47,30.22,15.68
231,Jamestown,0,AU,1554058637,84,-33.21,138.6,41.2,2.71
232,tsihombe,0,N/A,,0,0.0,0.0,0.0,0.0
233,Fort Nelson,40,CA,1554055200,56,58.81,-122.69,41.0,3.27
234,Menongue,12,AO,1554058706,43,-14.66,17.68,75.67,2.71
235,Fairbanks,1,US,1554058611,92,64.84,-147.72,39.99,4.72
236,Ola,48,RU,1554058707,96,59.58,151.3,19.87,10.87
237,Rikitea,56,PF,1554058629,100,-23.12,-134.97,76.66,19.48
238,Rocha,8,UY,1554058708,75,-34.48,-54.34,80.08,4.38
239,tuggurt,0,N/A,,0,0.0,0.0,0.0,0.0
240,Puerto Ayora,20,EC,1554057986,70,-0.74,-90.35,84.2,11.41
241,Khatanga,64,RU,1554058625,89,71.98,102.47,30.22,15.68
242,Arraial do Cabo,0,BR,1554055200,61,-22.97,-42.02,82.4,11.41
243,Busselton,88,AU,1554058552,36,-33.64,115.35,69.01,7.74
244,Vostok,80,RU,1554058627,82,46.45,135.83,21.04,1.7
245,Mataura,36,NZ,1554058205,79,-46.19,168.86,57.99,11.99
246,Tlacotepec,40,MX,1554054360,19,18.96,-99.93,71.6,5.82
247,saleaula,0,N/A,,0,0.0,0.0,0.0,0.0
248,Castro,90,CL,1554055200,100,-42.48,-73.76,55.4,4.7
249,Kaeo,100,NZ,1554057486,96,-35.1,173.78,68.0,15.68
250,Saint-Philippe,90,CA,1554058618,90,45.36,-73.48,37.0,12.75
251,Shakawe,12,BW,1554058714,28,-18.36,21.84,83.32,7.4
252,Albany,90,US,1554058560,100,42.65,-73.75,45.0,17.22
253,Cherskiy,0,RU,1554058715,35,68.75,161.3,-9.74,2.15
254,Rikitea,56,PF,1554058629,100,-23.12,-134.97,76.66,19.48
255,Ushuaia,75,AR,1554055200,71,-54.81,-68.31,53.6,16.11
256,Barrow,12,AR,1554058685,38,-38.31,-60.23,83.5,7.74
257,Hermanus,12,ZA,1554057954,96,-34.42,19.24,60.01,1.99
258,Magadan,24,RU,1554058717,97,59.56,150.8,19.69,11.1
259,Camacha,20,PT,1554057000,67,33.08,-16.33,62.6,10.29
260,Bilma,0,NE,1554058718,10,18.69,12.92,79.45,7.07
261,Ostrovnoy,12,RU,1554058718,81,68.05,39.51,24.1,15.79
262,nizhneyansk,0,N/A,,0,0.0,0.0,0.0,0.0
263,Port Alfred,100,ZA,1554058975,89,-33.59,26.89,70.27,3.6
264,Hobart,75,AU,1554058575,66,-42.88,147.33,48.2,4.61
265,Mataura,36,NZ,1554058205,79,-46.19,168.86,57.99,11.99
266,Tuktoyaktuk,90,CA,1554055200,92,69.44,-133.03,24.8,18.34
267,Busselton,88,AU,1554058552,36,-33.64,115.35,69.01,7.74
268,yanan,0,N/A,,0,0.0,0.0,0.0,0.0
269,Cherskiy,0,RU,1554058715,35,68.75,161.3,-9.74,2.15
270,Mar del Plata,0,AR,1554058506,28,-46.43,-67.52,75.94,11.21
271,Vostok,80,RU,1554058627,82,46.45,135.83,21.04,1.7
272,Fredericton,90,CA,1554058322,82,45.97,-66.65,57.2,19.46
273,Atuona,68,PF,1554058688,100,-9.8,-139.03,81.52,13.0
274,Keetmanshoop,20,NA,1554055200,60,-26.57,18.15,75.2,3.36
275,Atuona,68,PF,1554058688,100,-9.8,-139.03,81.52,13.0
276,Lachi,0,PK,1554058724,71,33.38,71.34,51.01,3.38
277,Puerto Ayora,20,EC,1554057986,70,-0.74,-90.35,84.2,11.41
278,Pangnirtung,75,CA,1554055200,65,66.15,-65.72,8.6,2.24
279,Bose,0,IT,1554058704,12,45.46,8.01,64.99,4.7
280,Bredasdorp,36,ZA,1554057923,52,-34.53,20.04,66.2,16.11
281,Satun,20,TH,1554057000,100,6.62,100.07,82.4,3.71
282,Anadyr,75,RU,1554058347,94,64.73,177.51,33.8,20.13
283,Saint-Philippe,90,CA,1554058618,90,45.36,-73.48,37.0,12.75
284,Tiksi,80,RU,1554058613,76,71.64,128.87,19.15,6.29
285,Los Llanos de Aridane,20,ES,1554058045,56,28.66,-17.92,68.0,3.36
286,satitoa,0,N/A,,0,0.0,0.0,0.0,0.0
287,Ambilobe,80,MG,1554058729,98,-13.19,49.05,73.33,3.15
288,Busselton,88,AU,1554058552,36,-33.64,115.35,69.01,7.74
289,East London,20,ZA,1554055200,94,-33.02,27.91,68.0,2.24
290,Ushuaia,75,AR,1554055200,71,-54.81,-68.31,53.6,16.11
291,Jamestown,0,AU,1554058637,84,-33.21,138.6,41.2,2.71
292,Grand Gaube,20,MU,1554058442,78,-20.01,57.66,78.8,4.7
293,Punta Arenas,75,CL,1554058347,58,-53.16,-70.91,57.2,20.8
294,Tuktoyaktuk,90,CA,1554055200,92,69.44,-133.03,24.8,18.34
295,Pandan,0,PH,1554058732,99,11.72,122.09,80.08,18.25
296,Sinnamary,68,GF,1554059067,90,5.38,-52.96,81.7,9.75
297,Nadym,76,RU,1554058733,91,65.53,72.51,30.31,12.21
298,louisbourg,0,N/A,,0,0.0,0.0,0.0,0.0
299,Tiksi,80,RU,1554058613,76,71.64,128.87,19.15,6.29
300,Charters Towers,64,AU,1554058697,94,-20.07,146.27,70.0,8.97
301,viligili,0,N/A,,0,0.0,0.0,0.0,0.0
302,Beneditinos,75,BR,1554055200,66,-5.46,-42.36,89.6,4.7
303,tarudant,0,N/A,,0,0.0,0.0,0.0,0.0
304,Puerto Ayora,20,EC,1554057986,70,-0.74,-90.35,84.2,11.41
305,Tilichiki,88,RU,1554058736,89,60.47,166.1,31.84,10.2
306,Klaksvik,92,FO,1554056400,87,62.23,-6.59,42.8,9.17
307,Hilo,75,US,1554058586,64,19.71,-155.08,77.0,3.36
308,Ribeira Grande,75,PT,1554057000,62,38.52,-28.7,57.2,5.82
309,Hobart,75,AU,1554058575,66,-42.88,147.33,48.2,4.61
310,San Cristobal,75,EC,1554057929,56,-0.39,-78.55,69.8,13.87
311,illoqqortoormiut,0,N/A,,0,0.0,0.0,0.0,0.0
312,Ushuaia,75,AR,1554055200,71,-54.81,-68.31,53.6,16.11
313,Adrar,40,DZ,1554055200,13,27.87,-0.29,80.6,24.16
314,Punta Arenas,75,CL,1554058347,58,-53.16,-70.91,57.2,20.8
315,Busselton,88,AU,1554058552,36,-33.64,115.35,69.01,7.74
316,kamenskoye,0,N/A,,0,0.0,0.0,0.0,0.0
317,Mahajanga,20,MG,1554055200,83,-15.72,46.32,84.2,4.7
318,Dayal Bagh,0,IN,1554058742,23,27.22,78.02,76.57,10.87
319,Arraial do Cabo,0,BR,1554055200,61,-22.97,-42.02,82.4,11.41
320,taolanaro,0,N/A,,0,0.0,0.0,0.0,0.0
321,Hobart,75,AU,1554058575,66,-42.88,147.33,48.2,4.61
322,Cape Town,75,ZA,1554058567,68,-33.93,18.42,64.4,12.75
323,Mar del Plata,0,AR,1554058506,28,-46.43,-67.52,75.94,11.21
324,Albany,90,US,1554058560,100,42.65,-73.75,45.0,17.22
325,Sikonge,40,TZ,1554055200,83,-5.63,32.75,73.4,5.82
326,Xinqing,24,CN,1554058745,68,48.28,129.53,6.46,2.26
327,Port Alfred,100,ZA,1554058975,89,-33.59,26.89,70.27,3.6
328,Mar del Plata,0,AR,1554058506,28,-46.43,-67.52,75.94,11.21
329,Salalah,20,OM,1554054600,69,17.01,54.1,80.6,5.82
330,taolanaro,0,N/A,,0,0.0,0.0,0.0,0.0
331,Ilulissat,75,GL,1554054600,61,69.22,-51.1,17.6,13.87
332,Puerto Ayora,20,EC,1554057986,70,-0.74,-90.35,84.2,11.41
333,Mitsamiouli,20,KM,1554055200,88,-11.38,43.28,80.6,4.7
334,Bredasdorp,36,ZA,1554057923,52,-34.53,20.04,66.2,16.11
335,Oussouye,0,SN,1554055200,65,12.49,-16.54,96.8,11.41
336,Rikitea,56,PF,1554058629,100,-23.12,-134.97,76.66,19.48
337,Ushuaia,75,AR,1554055200,71,-54.81,-68.31,53.6,16.11
338,Barrow,12,AR,1554058685,38,-38.31,-60.23,83.5,7.74
339,barentsburg,0,N/A,,0,0.0,0.0,0.0,0.0
340,Port Alfred,100,ZA,1554058975,89,-33.59,26.89,70.27,3.6
341,Bluff,0,AU,1554058610,62,-23.58,149.07,54.61,9.42
342,Saint-Augustin,0,FR,1554058243,25,44.83,-0.61,66.2,5.82
343,Fortuna,75,ES,1554059070,93,38.18,-1.13,57.2,2.24
344,Oussouye,0,SN,1554055200,65,12.49,-16.54,96.8,11.41
345,Puerto Ayora,20,EC,1554057986,70,-0.74,-90.35,84.2,11.41
346,Verkhnevilyuysk,20,RU,1554058752,69,63.45,120.31,13.66,3.15
347,Chuy,0,UY,1554058607,93,-33.69,-53.46,77.2,8.19
348,Butaritari,76,KI,1554058999,100,3.07,172.79,81.79,15.23
349,Bredasdorp,36,ZA,1554057923,52,-34.53,20.04,66.2,16.11
350,Port Alfred,100,ZA,1554058975,89,-33.59,26.89,70.27,3.6
351,kalomo,0,N/A,,0,0.0,0.0,0.0,0.0
352,Barrow,12,AR,1554058685,38,-38.31,-60.23,83.5,7.74
353,Hilo,75,US,1554058586,64,19.71,-155.08,77.0,3.36
354,Butaritari,76,KI,1554058999,100,3.07,172.79,81.79,15.23
355,General Roca,0,AR,1554055200,35,-39.03,-67.58,84.2,4.7
356,Ushuaia,75,AR,1554055200,71,-54.81,-68.31,53.6,16.11
357,Puerto Ayora,20,EC,1554057986,70,-0.74,-90.35,84.2,11.41
358,Bacolod,0,PH,1554058757,78,10.68,122.95,72.97,9.19
359,Constitucion,20,MX,1554058216,24,23.99,-104.67,73.0,4.7
360,Gambela,8,ET,1554058758,65,8.25,34.59,70.9,2.82
361,Busselton,88,AU,1554058552,36,-33.64,115.35,69.01,7.74
362,Mayo,75,CA,1554055200,51,63.59,-135.9,35.6,3.6
363,Mataura,36,NZ,1554058205,79,-46.19,168.86,57.99,11.99
364,Butaritari,76,KI,1554058999,100,3.07,172.79,81.79,15.23
365,Oyem,12,GA,1554058761,78,1.6,11.57,80.71,2.59
366,Vanimo,44,PG,1554058761,99,-2.67,141.3,83.32,15.23
367,Inta,88,RU,1554058761,80,66.04,60.13,30.31,9.42
368,Albany,90,US,1554058560,100,42.65,-73.75,45.0,17.22
369,Kaoma,0,ZM,1554058762,38,-14.8,24.8,74.05,5.28
370,Atuona,68,PF,1554058688,100,-9.8,-139.03,81.52,13.0
371,Santo Tomas,12,PH,1554058763,92,15.88,120.59,73.42,3.49
372,Atuona,68,PF,1554058688,100,-9.8,-139.03,81.52,13.0
373,Thompson,75,CA,1554055200,53,55.74,-97.86,26.6,9.17
374,Ardmore,75,US,1554058469,45,34.99,-86.85,51.01,11.41
375,Tasiilaq,56,GL,1554054600,79,65.61,-37.64,24.8,34.45
376,Rikitea,56,PF,1554058629,100,-23.12,-134.97,76.66,19.48
377,Faanui,64,PF,1554058765,100,-16.48,-151.75,83.05,4.5
378,Hobart,75,AU,1554058575,66,-42.88,147.33,48.2,4.61
379,Bluff,0,AU,1554058610,62,-23.58,149.07,54.61,9.42
380,Port Hardy,90,CA,1554055200,87,50.7,-127.42,42.8,5.82
381,Mahebourg,20,MU,1554058442,78,-20.41,57.7,78.8,4.7
382,Castro,90,CL,1554055200,100,-42.48,-73.76,55.4,4.7
383,bengkulu,0,N/A,,0,0.0,0.0,0.0,0.0
384,Mataura,36,NZ,1554058205,79,-46.19,168.86,57.99,11.99
385,Rikitea,56,PF,1554058629,100,-23.12,-134.97,76.66,19.48
386,Mamallapuram,20,IN,1554057000,83,12.63,80.17,84.2,5.82
387,Jamestown,0,AU,1554058637,84,-33.21,138.6,41.2,2.71
388,Atuona,68,PF,1554058688,100,-9.8,-139.03,81.52,13.0
389,illoqqortoormiut,0,N/A,,0,0.0,0.0,0.0,0.0
390,Kaitangata,56,NZ,1554058648,68,-46.28,169.85,63.0,1.99
391,amderma,0,N/A,,0,0.0,0.0,0.0,0.0
392,Oktyabrskiy,0,RU,1554057477,46,55.61,37.97,50.0,11.18
393,mys shmidta,0,N/A,,0,0.0,0.0,0.0,0.0
394,Port Alfred,100,ZA,1554058975,89,-33.59,26.89,70.27,3.6
395,Copparo,0,IT,1554058768,41,44.89,11.82,64.4,2.24
396,Ushuaia,75,AR,1554055200,71,-54.81,-68.31,53.6,16.11
397,Kodiak,1,US,1554058693,15,39.95,-94.76,42.01,6.93
398,Atuona,68,PF,1554058688,100,-9.8,-139.03,81.52,13.0
399,Rikitea,56,PF,1554058629,100,-23.12,-134.97,76.66,19.48
400,Saint George,0,GR,1554054600,53,39.45,22.34,53.6,5.82
401,Mataura,36,NZ,1554058205,79,-46.19,168.86,57.99,11.99
402,Mataura,36,NZ,1554058205,79,-46.19,168.86,57.99,11.99
403,Qaanaaq,24,GL,1554058645,80,77.48,-69.36,-2.09,5.84
404,Blairmore,75,CA,1554057939,52,49.61,-114.44,44.6,2.24
405,Idrinskoye,12,RU,1554058777,79,54.37,92.14,28.06,3.83
406,Rikitea,56,PF,1554058629,100,-23.12,-134.97,76.66,19.48
407,Saint George,0,GR,1554054600,53,39.45,22.34,53.6,5.82
408,Mar del Plata,0,AR,1554058506,28,-46.43,-67.52,75.94,11.21
409,Arraial do Cabo,0,BR,1554055200,61,-22.97,-42.02,82.4,11.41
410,khowst,0,N/A,,0,0.0,0.0,0.0,0.0
411,Mataura,36,NZ,1554058205,79,-46.19,168.86,57.99,11.99
412,Point Fortin,20,TT,1554057989,55,10.16,-61.68,89.6,16.11
413,Rikitea,56,PF,1554058629,100,-23.12,-134.97,76.66,19.48
414,chokwe,0,N/A,,0,0.0,0.0,0.0,0.0
415,Christchurch,92,NZ,1554058687,93,-43.53,172.64,64.0,8.05
416,Port Hardy,90,CA,1554055200,87,50.7,-127.42,42.8,5.82
417,urumqi,0,N/A,,0,0.0,0.0,0.0,0.0
418,Bulgan,64,MN,1554058783,63,48.81,103.53,24.28,3.38
419,Rikitea,56,PF,1554058629,100,-23.12,-134.97,76.66,19.48
420,Puerto Ayora,20,EC,1554057986,70,-0.74,-90.35,84.2,11.41
421,Leningradskiy,0,RU,1554059117,61,69.38,178.42,-2.45,5.61
422,Nikolskoye,75,RU,1554058570,93,59.7,30.79,36.0,6.71
423,Lompoc,1,US,1554058626,52,34.64,-120.46,75.99,8.75
424,Ushuaia,75,AR,1554055200,71,-54.81,-68.31,53.6,16.11
425,Sangar,0,RU,1554058785,54,63.92,127.47,3.22,2.93
426,Chokurdakh,44,RU,1554058690,66,70.62,147.9,10.69,2.93
427,Presidencia Roque Saenz Pena,68,AR,1554058786,70,-26.79,-60.44,88.63,10.76
428,Jamestown,0,AU,1554058637,84,-33.21,138.6,41.2,2.71
429,Rikitea,56,PF,1554058629,100,-23.12,-134.97,76.66,19.48
430,Rikitea,56,PF,1554058629,100,-23.12,-134.97,76.66,19.48
431,Thompson,75,CA,1554055200,53,55.74,-97.86,26.6,9.17
432,Takoradi,0,GH,1554058788,98,4.89,-1.75,83.23,6.29
433,Faanui,64,PF,1554058765,100,-16.48,-151.75,83.05,4.5
434,Geraldton,75,CA,1554055200,36,49.72,-86.95,28.4,9.17
435,Port-Cartier,90,CA,1554058711,100,50.03,-66.88,37.0,16.11
436,Busselton,88,AU,1554058552,36,-33.64,115.35,69.01,7.74
437,Ushuaia,75,AR,1554055200,71,-54.81,-68.31,53.6,16.11
438,Puerto Ayora,20,EC,1554057986,70,-0.74,-90.35,84.2,11.41
439,Sarkand,44,KZ,1554058791,86,45.41,79.91,44.44,2.59
440,Hilo,75,US,1554058586,64,19.71,-155.08,77.0,3.36
441,Mayor Pablo Lagerenza,0,PY,1554058792,41,-19.93,-60.77,99.07,16.58
442,barentsburg,0,N/A,,0,0.0,0.0,0.0,0.0
443,vaitupu,0,N/A,,0,0.0,0.0,0.0,0.0
444,Rikitea,56,PF,1554058629,100,-23.12,-134.97,76.66,19.48
445,asfi,0,N/A,,0,0.0,0.0,0.0,0.0
446,Punta Arenas,75,CL,1554058347,58,-53.16,-70.91,57.2,20.8
447,Saint Anthony,1,US,1554058533,42,43.97,-111.68,50.0,4.7
448,Puerto Armuelles,20,PA,1554055200,55,8.27,-82.86,91.4,13.87
449,Castro,90,CL,1554055200,100,-42.48,-73.76,55.4,4.7
450,Grand Island,1,US,1554058563,42,40.92,-98.34,48.0,13.87
451,Ushuaia,75,AR,1554055200,71,-54.81,-68.31,53.6,16.11
452,illoqqortoormiut,0,N/A,,0,0.0,0.0,0.0,0.0
453,San Quintin,64,PH,1554058797,90,17.54,120.52,71.35,3.15
454,kerki,0,N/A,,0,0.0,0.0,0.0,0.0
455,Ponta do Sol,0,BR,1554058798,55,-20.63,-46.0,82.87,4.5
456,Saldanha,92,PT,1554058798,36,41.42,-6.55,62.26,4.38
457,Bluff,0,AU,1554058610,62,-23.58,149.07,54.61,9.42
458,Isangel,68,VU,1554055200,88,-19.55,169.27,73.4,4.7
459,Avarua,92,CK,1554057000,88,-21.21,-159.78,80.6,10.29
460,Bredasdorp,36,ZA,1554057923,52,-34.53,20.04,66.2,16.11
461,Castro,90,CL,1554055200,100,-42.48,-73.76,55.4,4.7
462,Yeppoon,0,AU,1554057000,67,-23.13,150.74,62.6,8.41
463,Vaini,0,IN,1554058574,83,15.34,74.49,72.7,3.38
464,Albany,90,US,1554058560,100,42.65,-73.75,45.0,17.22
465,Sorland,40,NO,1554054600,100,67.67,12.69,32.0,16.11
466,Quatre Cocos,20,MU,1554058742,78,-20.21,57.76,78.8,4.7
467,Bintulu,75,MY,1554055200,100,3.17,113.03,77.0,2.93
468,amderma,0,N/A,,0,0.0,0.0,0.0,0.0
469,Itarema,44,BR,1554058582,100,-2.92,-39.92,81.25,7.85
470,barentsburg,0,N/A,,0,0.0,0.0,0.0,0.0
471,Tuktoyaktuk,90,CA,1554055200,92,69.44,-133.03,24.8,18.34
472,Kapaa,40,US,1554058705,73,22.08,-159.32,73.99,4.7
473,Port Lincoln,36,AU,1554058640,100,-34.72,135.86,56.95,2.93
474,Rikitea,56,PF,1554058629,100,-23.12,-134.97,76.66,19.48
475,Esmeraldas,40,BR,1554055200,42,-19.76,-44.31,82.4,3.36
476,Rikitea,56,PF,1554058629,100,-23.12,-134.97,76.66,19.48
477,Ushuaia,75,AR,1554055200,71,-54.81,-68.31,53.6,16.11
478,Northam,20,GB,1554058810,87,51.04,-4.21,51.8,8.05
479,Khatanga,64,RU,1554058625,89,71.98,102.47,30.22,15.68
480,Jamestown,0,AU,1554058637,84,-33.21,138.6,41.2,2.71
481,Ushuaia,75,AR,1554055200,71,-54.81,-68.31,53.6,16.11
482,Gat,0,SN,1554057000,53,14.69,-16.54,73.4,25.28
483,Souillac,0,FR,1554058618,32,45.6,-0.6,68.0,9.17
484,taolanaro,0,N/A,,0,0.0,0.0,0.0,0.0
485,Nizhniy Kuranakh,80,RU,1554058815,79,58.84,125.49,15.73,2.37
486,Bluff,0,AU,1554058610,62,-23.58,149.07,54.61,9.42
487,barentsburg,0,N/A,,0,0.0,0.0,0.0,0.0
488,Mataura,36,NZ,1554058205,79,-46.19,168.86,57.99,11.99
489,Korem,12,ET,1554058817,92,12.51,39.52,57.4,3.27
490,Hilo,75,US,1554058586,64,19.71,-155.08,77.0,3.36
491,Nemuro,8,JP,1554058702,100,43.32,145.57,29.14,5.61
492,Nador,75,MA,1554057000,87,35.17,-2.93,59.0,2.24
493,Esperance,20,TT,1554057989,55,10.24,-61.45,89.6,16.11
494,Rikitea,56,PF,1554058629,100,-23.12,-134.97,76.66,19.48
495,Rikitea,56,PF,1554058629,100,-23.12,-134.97,76.66,19.48
496,vaitupu,0,N/A,,0,0.0,0.0,0.0,0.0
497,Tuktoyaktuk,90,CA,1554055200,92,69.44,-133.03,24.8,18.34
498,Ribnitz-Damgarten,0,DE,1554058808,64,54.24,12.43,41.0,3.36
499,Rikitea,56,PF,1554058629,100,-23.12,-134.97,76.66,19.48
